function y = M_BSFC_sim(x)
x_nrm(1) = (x(1) - (1791.734375))/(55.252928);
x_nrm(2) = (x(2) - (446.718750))/(87.428154);
x_nrm(3) = (x(3) - (54.564732))/(14.563031);
x_nrm(4) = (x(4) - (0.249621))/(0.028947);
y=0;
y = y + -0.287989*(exp(-0.5*((((x_nrm(1)- -1.660263)^2)/(0.590842^2))+(((x_nrm(2)- -1.678164)^2)/(0.592106^2))+(((x_nrm(3)- -1.686787)^2)/(0.591768^2))+(((x_nrm(4)- -1.714204)^2)/(0.588123^2)))));
y = y + -0.213074*(exp(-0.5*((((x_nrm(1)- 0.059103)^2)/(0.590842^2))+(((x_nrm(2)- 0.037531)^2)/(0.592106^2))+(((x_nrm(3)- 0.029889)^2)/(0.591768^2))+(((x_nrm(4)- 0.013109)^2)/(0.588123^2)))));
y = y + -0.540533*(exp(-0.5*((((x_nrm(1)- -0.800580)^2)/(0.590842^2))+(((x_nrm(2)- 0.895378)^2)/(0.592106^2))+(((x_nrm(3)- -0.828449)^2)/(0.591768^2))+(((x_nrm(4)- 0.876766)^2)/(0.588123^2)))));
y = y + 0.693866*(exp(-0.5*((((x_nrm(1)- 0.918786)^2)/(0.590842^2))+(((x_nrm(2)- -0.820316)^2)/(0.592106^2))+(((x_nrm(3)- 0.888226)^2)/(0.591768^2))+(((x_nrm(4)- -0.850548)^2)/(0.588123^2)))));
y = y + 0.628768*(exp(-0.5*((((x_nrm(1)- -1.230421)^2)/(0.590842^2))+(((x_nrm(2)- 0.466454)^2)/(0.592106^2))+(((x_nrm(3)- 1.317395)^2)/(0.591768^2))+(((x_nrm(4)- 1.308594)^2)/(0.588123^2)))));
y = y + 0.014044*(exp(-0.5*((((x_nrm(1)- 0.488945)^2)/(0.590842^2))+(((x_nrm(2)- -1.249240)^2)/(0.592106^2))+(((x_nrm(3)- -0.399280)^2)/(0.591768^2))+(((x_nrm(4)- -0.418719)^2)/(0.588123^2)))));
y = y + -0.419588*(exp(-0.5*((((x_nrm(1)- -0.370738)^2)/(0.590842^2))+(((x_nrm(2)- -0.391393)^2)/(0.592106^2))+(((x_nrm(3)- 0.459057)^2)/(0.591768^2))+(((x_nrm(4)- -1.282376)^2)/(0.588123^2)))));
y = y + -0.825531*(exp(-0.5*((((x_nrm(1)- 1.348628)^2)/(0.590842^2))+(((x_nrm(2)- 1.324302)^2)/(0.592106^2))+(((x_nrm(3)- -1.257618)^2)/(0.591768^2))+(((x_nrm(4)- 0.444937)^2)/(0.588123^2)))));
y = y + -0.734258*(exp(-0.5*((((x_nrm(1)- -1.445342)^2)/(0.590842^2))+(((x_nrm(2)- 1.538763)^2)/(0.592106^2))+(((x_nrm(3)- 0.673642)^2)/(0.591768^2))+(((x_nrm(4)- -0.202805)^2)/(0.588123^2)))));
y = y + -0.338411*(exp(-0.5*((((x_nrm(1)- 0.274024)^2)/(0.590842^2))+(((x_nrm(2)- -0.176931)^2)/(0.592106^2))+(((x_nrm(3)- -1.043034)^2)/(0.591768^2))+(((x_nrm(4)- 1.524508)^2)/(0.588123^2)))));
y = y + 1.655564*(exp(-0.5*((((x_nrm(1)- -0.585659)^2)/(0.590842^2))+(((x_nrm(2)- -1.034778)^2)/(0.592106^2))+(((x_nrm(3)- 1.531980)^2)/(0.591768^2))+(((x_nrm(4)- 0.660852)^2)/(0.588123^2)))));
y = y + -0.229189*(exp(-0.5*((((x_nrm(1)- 1.133707)^2)/(0.590842^2))+(((x_nrm(2)- 0.680916)^2)/(0.592106^2))+(((x_nrm(3)- -0.184696)^2)/(0.591768^2))+(((x_nrm(4)- -1.066462)^2)/(0.588123^2)))));
y = y + -0.166281*(exp(-0.5*((((x_nrm(1)- -1.015500)^2)/(0.590842^2))+(((x_nrm(2)- -0.605855)^2)/(0.592106^2))+(((x_nrm(3)- -0.613865)^2)/(0.591768^2))+(((x_nrm(4)- 0.229023)^2)/(0.588123^2)))));
y = y + 0.766154*(exp(-0.5*((((x_nrm(1)- 0.703865)^2)/(0.590842^2))+(((x_nrm(2)- 1.109840)^2)/(0.592106^2))+(((x_nrm(3)- 1.102811)^2)/(0.591768^2))+(((x_nrm(4)- -1.498290)^2)/(0.588123^2)))));
y = y + -0.575538*(exp(-0.5*((((x_nrm(1)- -0.155818)^2)/(0.590842^2))+(((x_nrm(2)- 0.251993)^2)/(0.592106^2))+(((x_nrm(3)- -1.472203)^2)/(0.591768^2))+(((x_nrm(4)- -0.634633)^2)/(0.588123^2)))));
y = y + 0.450057*(exp(-0.5*((((x_nrm(1)- 1.563548)^2)/(0.590842^2))+(((x_nrm(2)- -1.463702)^2)/(0.592106^2))+(((x_nrm(3)- 0.244473)^2)/(0.591768^2))+(((x_nrm(4)- 1.092680)^2)/(0.588123^2)))));
y = y + -0.469713*(exp(-0.5*((((x_nrm(1)- -1.552802)^2)/(0.590842^2))+(((x_nrm(2)- 0.144762)^2)/(0.592106^2))+(((x_nrm(3)- -0.291988)^2)/(0.591768^2))+(((x_nrm(4)- 0.552894)^2)/(0.588123^2)))));
y = y + 2.509947*(exp(-0.5*((((x_nrm(1)- 0.166564)^2)/(0.590842^2))+(((x_nrm(2)- -1.570933)^2)/(0.592106^2))+(((x_nrm(3)- 1.424687)^2)/(0.591768^2))+(((x_nrm(4)- -1.174419)^2)/(0.588123^2)))));
y = y + -0.327581*(exp(-0.5*((((x_nrm(1)- -0.693119)^2)/(0.590842^2))+(((x_nrm(2)- -0.713086)^2)/(0.592106^2))+(((x_nrm(3)- -1.150326)^2)/(0.591768^2))+(((x_nrm(4)- -0.310762)^2)/(0.588123^2)))));
y = y + -0.154332*(exp(-0.5*((((x_nrm(1)- 1.026247)^2)/(0.590842^2))+(((x_nrm(2)- 1.002609)^2)/(0.592106^2))+(((x_nrm(3)- 0.566350)^2)/(0.591768^2))+(((x_nrm(4)- 1.416551)^2)/(0.588123^2)))));
y = y + -0.081621*(exp(-0.5*((((x_nrm(1)- -1.122961)^2)/(0.590842^2))+(((x_nrm(2)- -1.142009)^2)/(0.592106^2))+(((x_nrm(3)- 0.137181)^2)/(0.591768^2))+(((x_nrm(4)- -0.742590)^2)/(0.588123^2)))));
y = y + -0.521507*(exp(-0.5*((((x_nrm(1)- 0.596405)^2)/(0.590842^2))+(((x_nrm(2)- 0.573685)^2)/(0.592106^2))+(((x_nrm(3)- -1.579495)^2)/(0.591768^2))+(((x_nrm(4)- 0.984723)^2)/(0.588123^2)))));
y = y + 0.182812*(exp(-0.5*((((x_nrm(1)- -0.263278)^2)/(0.590842^2))+(((x_nrm(2)- 1.431533)^2)/(0.592106^2))+(((x_nrm(3)- 0.995519)^2)/(0.591768^2))+(((x_nrm(4)- 0.121066)^2)/(0.588123^2)))));
y = y + -0.117473*(exp(-0.5*((((x_nrm(1)- 1.456088)^2)/(0.590842^2))+(((x_nrm(2)- -0.284162)^2)/(0.592106^2))+(((x_nrm(3)- -0.721157)^2)/(0.591768^2))+(((x_nrm(4)- -1.606247)^2)/(0.588123^2)))));
y = y + 0.110963*(exp(-0.5*((((x_nrm(1)- -1.337882)^2)/(0.590842^2))+(((x_nrm(2)- -0.069700)^2)/(0.592106^2))+(((x_nrm(3)- 1.210103)^2)/(0.591768^2))+(((x_nrm(4)- 1.200637)^2)/(0.588123^2)))));
y = y + -0.912444*(exp(-0.5*((((x_nrm(1)- 0.381484)^2)/(0.590842^2))+(((x_nrm(2)- 1.645994)^2)/(0.592106^2))+(((x_nrm(3)- -0.506573)^2)/(0.591768^2))+(((x_nrm(4)- -0.526676)^2)/(0.588123^2)))));
y = y + -0.213824*(exp(-0.5*((((x_nrm(1)- -0.478199)^2)/(0.590842^2))+(((x_nrm(2)- 0.788147)^2)/(0.592106^2))+(((x_nrm(3)- 0.351765)^2)/(0.591768^2))+(((x_nrm(4)- -1.390333)^2)/(0.588123^2)))));
y = y + -0.302772*(exp(-0.5*((((x_nrm(1)- 1.241167)^2)/(0.590842^2))+(((x_nrm(2)- -0.927547)^2)/(0.592106^2))+(((x_nrm(3)- -1.364910)^2)/(0.591768^2))+(((x_nrm(4)- 0.336980)^2)/(0.588123^2)))));
y = y + -0.974862*(exp(-0.5*((((x_nrm(1)- -0.908040)^2)/(0.590842^2))+(((x_nrm(2)- 1.217071)^2)/(0.592106^2))+(((x_nrm(3)- -0.935741)^2)/(0.591768^2))+(((x_nrm(4)- -0.958505)^2)/(0.588123^2)))));
y = y + -0.084117*(exp(-0.5*((((x_nrm(1)- 0.811326)^2)/(0.590842^2))+(((x_nrm(2)- -0.498624)^2)/(0.592106^2))+(((x_nrm(3)- 0.780934)^2)/(0.591768^2))+(((x_nrm(4)- 0.768809)^2)/(0.588123^2)))));
y = y + 0.287784*(exp(-0.5*((((x_nrm(1)- -0.048357)^2)/(0.590842^2))+(((x_nrm(2)- -1.356471)^2)/(0.592106^2))+(((x_nrm(3)- -0.077404)^2)/(0.591768^2))+(((x_nrm(4)- 1.632465)^2)/(0.588123^2)))));
y = y + 2.382980*(exp(-0.5*((((x_nrm(1)- 1.671009)^2)/(0.590842^2))+(((x_nrm(2)- 0.359224)^2)/(0.592106^2))+(((x_nrm(3)- 1.639272)^2)/(0.591768^2))+(((x_nrm(4)- -0.094848)^2)/(0.588123^2)))));
y = y + 0.958123*(exp(-0.5*((((x_nrm(1)- -1.606532)^2)/(0.590842^2))+(((x_nrm(2)- 1.056224)^2)/(0.592106^2))+(((x_nrm(3)- 1.585626)^2)/(0.591768^2))+(((x_nrm(4)- -0.580655)^2)/(0.588123^2)))));
y = y + -0.185067*(exp(-0.5*((((x_nrm(1)- 0.112833)^2)/(0.590842^2))+(((x_nrm(2)- -0.659470)^2)/(0.592106^2))+(((x_nrm(3)- -0.131050)^2)/(0.591768^2))+(((x_nrm(4)- 1.146658)^2)/(0.588123^2)))));
y = y + -0.057925*(exp(-0.5*((((x_nrm(1)- -0.746850)^2)/(0.590842^2))+(((x_nrm(2)- -1.517317)^2)/(0.592106^2))+(((x_nrm(3)- 0.727288)^2)/(0.591768^2))+(((x_nrm(4)- 0.283002)^2)/(0.588123^2)))));
y = y + -0.550006*(exp(-0.5*((((x_nrm(1)- 0.972516)^2)/(0.590842^2))+(((x_nrm(2)- 0.198377)^2)/(0.592106^2))+(((x_nrm(3)- -0.989388)^2)/(0.591768^2))+(((x_nrm(4)- -1.444311)^2)/(0.588123^2)))));
y = y + -0.525103*(exp(-0.5*((((x_nrm(1)- -1.176691)^2)/(0.590842^2))+(((x_nrm(2)- -0.230546)^2)/(0.592106^2))+(((x_nrm(3)- -1.418556)^2)/(0.591768^2))+(((x_nrm(4)- 0.714830)^2)/(0.588123^2)))));
y = y + -0.430861*(exp(-0.5*((((x_nrm(1)- 0.542675)^2)/(0.590842^2))+(((x_nrm(2)- 1.485148)^2)/(0.592106^2))+(((x_nrm(3)- 0.298119)^2)/(0.591768^2))+(((x_nrm(4)- -1.012483)^2)/(0.588123^2)))));
y = y + -0.067137*(exp(-0.5*((((x_nrm(1)- -0.317008)^2)/(0.590842^2))+(((x_nrm(2)- 0.627301)^2)/(0.592106^2))+(((x_nrm(3)- -0.560219)^2)/(0.591768^2))+(((x_nrm(4)- -0.148827)^2)/(0.588123^2)))));
